13768778790 3510480,3510480,7020960,何小姐
13682846555 56694252,85129140,141823392,赵小姐
13975057813 323490732,1411300722,1734791454,罗小姐
13966251146 21062880,0,21062880,赵先生
13729199489 35105040,0,35105040,何先生
13630577991 1018046160,100926990,1118973150,白先生
13846544121 61786560,0,61786560,王先生
13736230513 580653240,5776341240,6356994480,张先生
13956435636 38498460,440982360,479480820,李先生
13992314666 877298240,1084956600,1962254840,孔小姐
13768778790 31488120,31488120,62976240,何小姐
13682846555 508533138,763586910,1272120048,赵小姐
13975057813 2901630258,12659011443,15560641701,罗小姐
13966251146 48934320,0,48934320,赵先生
13729199489 34892160,0,34892160,何先生
13630577991 1011872640,100314960,1112187600,白先生
13846544121 15210360,0,15210360,王先生
13736230513 142942815,1421995815,1564938630,张先生
