15043685818 107040386,103500652,210541038,苏先生
13470253144 5265720,5265720,10531440,李小姐
18390173782 278819874,70560648,349380522,马小姐
84188413 120409464,41891728,162301192,黄先生
18271575951 134012574,184826772,318839346,孔先生
13568436656 315679914,2249778870,2565458784,白小姐
15959002129 170082756,15797160,185879916,张小姐
13509468723 1072897785,16140858579,17213756364,黄小姐
13590439668 261188640,223274160,484462800,马先生
15910133277 738630240,687141440,1425771680,罗先生
13560439638 267739290,1440192390,1707931680,王小姐
15043685818 960125259,928374738,1888499997,苏先生
13470253144 47232180,47232180,94464360,李小姐
18390173782 2500943931,632911212,3133855143,马小姐
84188413 1080042516,375758232,1455800748,黄先生
18271575951 311344611,429398658,740743269,孔先生
13568436656 733403121,5226797055,5960200176,白小姐
15959002129 395144634,36700740,431845374,张小姐
13509468723 1066391640,16042979016,17109370656,黄小姐
13590439668 64298340,54964710,119263050,马先生
15910133277 181832940,169157640,350990580,罗先生
