13470253144	3420,3420,6840
13509468723	139365,2096631,2235996
13560439638	17442,93822,111264
13568436656	64746,461430,526176
13590439668	17856,15264,33120
13630577991	125280,12420,137700
13682846555	36822,55290,92112
13729199489	3840,0,3840
13736230513	39696,394896,434592
13768778790	2280,2280,4560
13846544121	4224,0,4224
13956435636	2112,24192,26304
13966251146	3840,0,3840
13975057813	210102,916617,1126719
13992314666	57152,70680,127832
15043685818	65862,63684,129546
15910133277	50496,46976,97472
15959002129	34884,3240,38124
18271575951	24432,33696,58128
18390173782	181089,45828,226917
84188413	65856,22912,88768
